// An example configuration file that stores information about a store.
//[Variables]


// Optimisation Parameters
No_Of_Trials	= 50;
NoOfSteps	= 15000;
NoOfEvolutions	= 6;
MaxIter	= 80;
lambda		= 20;
No_Of_Threads	= 20;
Evolution	= 24;

// Mode and setup parameters
// mode: shepherding = 0, object clustering = 1, both = 2
mode  = 2;
noOfShepherd = ({Value = 4;},{Value = 4;});
noOfObjects 	= 25;

//Noise Parameters
Noise_Level	= 1.0;
Noise_Scenario	= 4;


// Variables
Goalx		= 150;
Goaly		= 225;
GoalRadius	= 12.5;
GoalDistance	= 62.5;
Xbound		= 300;
Ybound		= 300;

// Wheel Vel - Post Eval
x0	= 5.645144;
x1	= 0.976979;
x2	= 2.188112;
x3	= 7.693707;
x4	= 0.597944;
x5	= -0.870597;
x6	= 2.602534;
x7	= -0.973706;
x8	= 3.216551;
x9	= -3.366624;
x10	= 6.090895;
x11	= 1.106509;
x12	= -6.914674;
x13	= -0.889522;
x14	= -1.631504;
x15	= 1.497547;
x16	= 2.134937;
x17	= -0.943319;
x18	= 0.574444;
x19	= 3.173948;
x20	= 9.674320;
x21	= 1.881650;
x22	= -2.615973;
x23	= 1.014894;
x24	= 0.0;
x25	= 0.0;
x26	= 0.0;
x27	= 0.0;
x28	= 0.0;
x29	= 0.0;
x30	= 0.0;
x31	= 0.0;
x32	= 0.0;
x33	= 0.0;
x34	= 0.0;
x35	= 0.0;
x36	= 0.0;
x37	= 0.0;
x38	= 0.0;
x39	= 0.0;
x40	= 0.0;
x41	= 0.0;
x42	= 0.0;
x43	= 0.0;
x44	= 0.0;
x45	= 0.0;
x46	= 0.0;
x47	= 0.0;
