// An example configuration file that stores information about a store.
//[Variables]


// Optimisation Parameters
No_Of_Trials	= 1;
NoOfSteps	= 15000;
NoOfEvolutions	= 8;
MaxIter	= 80;
lambda		= 20;
No_Of_Threads	= 20;
Evolution	= 22;

// Mode and setup parameters
// mode: shepherding = 0, object clustering = 1, both = 2
mode		= 6;
noOfShepherd 	= 6;
noOfSheep 	= 10;
noOfObjects 	= 10;

//Noise Parameters
Noise_Level	= 1.0;
Noise_Scenario	= 4;


// Variables
Csheep 	= 100;
Cshepherd 	= 450;
Ksheep 	= 1.75;
K1 		= 2.0;
K2 		= 1.3;
KWall		= 100.0;
Goalx		= 150;
Goaly		= 225;
GoalRadius	= 12.5;
GoalDistance	= 62.5;
Xbound		= 300;
Ybound		= 300;
Sheep_MaxSpeed_Multiplier = 0.5;

// Wheel Vel - Post Eval
x0	= 5.446840;
x1	= 2.421150;
x2	= 2.728730;
x3	= 3.744920;
x4	= 2.673740;
x5	= 8.168860;
x6	= -2.918840;
x7	= 3.288320;
x8	= -6.281870;
x9	= 3.813270;
x10	= -4.955250;
x11	= 5.571550;
x12	= -6.510660;
x13	= 0.554281;
x14	= -0.526825;
x15	= -1.301250;
x16	= 1.210940;
x17	= 6.730060;
x18	= 6.062090;
x19	= 2.964360;
x20	= 1.313820;
x21	= 6.495060;
x22	= 7.218650;
x23	= -5.228700;
x24	= 3.900240;
x25	= -0.288674;
x26	= 3.892520;
x27	= 6.107580;
x28	= -1.542840;
x29	= -2.805510;
x30	= -0.947590;
x31	= -2.387830;
