// An example configuration file that stores information about a store.
//[Variables]


// Optimisation Parameters
No_Of_Trials	= 50;
NoOfSteps	= 15000;
NoOfEvolutions	= 10;
MaxIter	= 80;
lambda		= 20;
No_Of_Threads	= 20;
Evolution	= 0;

// Mode and setup parameters
// mode: shepherding = 0, object clustering = 1, both = 2
mode  = 2;
noOfShepherd = ({Value = 4;},{Value = 4;});
noOfObjects 	= 25;

//Noise Parameters
Noise_Level	= 1.0;
Noise_Scenario	= 4;


// Variables
Goalx		= 150;
Goaly		= 225;
GoalRadius	= 12.5;
GoalDistance	= 62.5;
Xbound		= 300;
Ybound		= 300;

// Wheel Vel - Post Eval
x0	= 1.379090;
x1	= 5.582500;
x2	= 12.004300;
x3	= 2.846180;
x4	= -0.134099;
x5	= 2.047630;
x6	= 4.733480;
x7	= -8.814820;
x8	= 1.584340;
x9	= 4.582000;
x10	= 3.083650;
x11	= -4.179120;
x12	= 1.227890;
x13	= 6.056300;
x14	= 8.302980;
x15	= 1.188900;
x16	= -0.081106;
x17	= 4.461270;
x18	= 9.284060;
x19	= 0.059820;
x20	= 0.639281;
x21	= 10.425700;
x22	= -2.384890;
x23	= -2.445690;
x24	= 0.0;
x25	= 0.0;
x26	= 0.0;
x27	= 0.0;
x28	= 0.0;
x29	= 0.0;
x30	= 0.0;
x31	= 0.0;
x32	= 0.0;
x33	= 0.0;
x34	= 0.0;
x35	= 0.0;
x36	= 0.0;
x37	= 0.0;
x38	= 0.0;
x39	= 0.0;
x40	= 0.0;
x41	= 0.0;
x42	= 0.0;
x43	= 0.0;
x44	= 0.0;
x45	= 0.0;
x46	= 0.0;
x47	= 0.0;
