// An example configuration file that stores information about a store.
//[Variables]


// Optimisation Parameters
No_Of_Trials	= 50;
NoOfSteps	= 15000;
NoOfEvolutions	= 1;
MaxIter	= 80;
lambda		= 20;
No_Of_Threads	= 20;
Evolution	= 0;

// Mode and setup parameters
// mode: Onj only No diff = 1, obj only + diff = 2, sheep only no diff = 3
mode  = 3;
noOfShepherd = ({Value = 4;},{Value = 4;});
noOfObjects 	= 0;
noOfSheep 	= 25;

//Noise Parameters
Noise_Level	= 1.0;
Noise_Scenario	= 4;


// Variables
Csheep 	= 100;
Cshepherd 	= 450;
Ksheep 	= 1.75;
K1 		= 2.0;
K2 		= 1.3;
KWall		= 100.0;
Sheep_MaxSpeed_Multiplier = 0.5;
Goalx		= 150;
Goaly		= 225;
GoalRadius	= 12.5;
GoalDistance	= 62.5;
Xbound		= 300;
Ybound		= 300;

// Wheel Vel - Post Eval
x0	= 8.656876;
x1	= 0.778717;
x2	= 1.785901;
x3	= 6.918389;
x4	= 3.782945;
x5	= 0.536116;
x6	= 0.519357;
x7	= 0.025867;
x8	= -0.578066;
x9	= 4.600016;
x10	= 3.262802;
x11	= 1.801979;
x12	= -1.765319;
x13	= 1.502260;
x14	= -2.950125;
x15	= 4.500673;
x16	= 3.716357;
x17	= 0.484886;
x18	= 2.112031;
x19	= 6.369258;
x20	= 2.752472;
x21	= 0.033420;
x22	= 1.834735;
x23	= 0.166883;
x24	= 0.933203;
x25	= -3.735091;
x26	= 10.588800;
x27	= 2.277314;
x28	= -2.143973;
x29	= 2.296995;
x30	= -6.836702;
x31	= 2.784639;
x32	= 0.0;
x33	= 0.0;
x34	= 0.0;
x35	= 0.0;
x36	= 0.0;
x37	= 0.0;
x38	= 0.0;
x39	= 0.0;
x40	= 0.0;
x41	= 0.0;
x42	= 0.0;
x43	= 0.0;
x44	= 0.0;
x45	= 0.0;
x46	= 0.0;
x47	= 0.0;
