// An example configuration file that stores information about a store.
//[Variables]


// Optimisation Parameters
No_Of_Trials	= 1;
NoOfSteps	= 15000;
NoOfEvolutions	= 3;
MaxIter	= 80;
lambda		= 20;
No_Of_Threads	= 20;
Evolution	= 27;

// Mode and setup parameters
// mode: shepherding = 0, object clustering = 1, both = 2
noOfShepherd = ({Value = 4;},{Value = 4;});
noOfObjects 	= 25;

//Noise Parameters
Noise_Level	= 1.0;
Noise_Scenario	= 4;


// Variables
Goalx		= 150;
Goaly		= 225;
GoalRadius	= 12.5;
GoalDistance	= 62.5;
Xbound		= 300;
Ybound		= 300;

// Wheel Vel - Post Eval
x0	= 5.579430;
x1	= 1.353660;
x2	= 2.043860;
x3	= 9.027680;
x4	= 5.216390;
x5	= 0.524640;
x6	= -0.411090;
x7	= -3.498080;
x8	= 2.604060;
x9	= 0.373304;
x10	= -2.232180;
x11	= 3.524870;
x12	= 1.641790;
x13	= 2.645130;
x14	= -0.203342;
x15	= -4.836540;
x16	= 0.820303;
x17	= 5.014410;
x18	= 3.562090;
x19	= 2.239600;
x20	= 1.052660;
x21	= 1.268840;
x22	= -1.080750;
x23	= -1.518980;
x24	= 0.0;
x25	= 0.0;
x26	= 0.0;
x27	= 0.0;
x28	= 0.0;
x29	= 0.0;
x30	= 0.0;
x31	= 0.0;
x32	= 0.0;
x33	= 0.0;
x34	= 0.0;
x35	= 0.0;
x36	= 0.0;
x37	= 0.0;
x38	= 0.0;
x39	= 0.0;
x40	= 0.0;
x41	= 0.0;
x42	= 0.0;
x43	= 0.0;
x44	= 0.0;
x45	= 0.0;
x46	= 0.0;
x47	= 0.0;
