// An example configuration file that stores information about a store.
//[Variables]


// Optimisation Parameters
No_Of_Trials	= 50;
NoOfSteps	= 15000;
NoOfEvolutions	= 15;
MaxIter	= 80;
lambda		= 20;
No_Of_Threads	= 10;
Evolution	= 0;

// Mode and setup parameters
// mode: shepherding = 0, object clustering = 1, both = 2
mode		= 3;
noOfShepherd 	= 3;
noOfSheep 	= 0;
noOfObjects 	= 10;

//Noise Parameters
Noise_Level	= 1.0;
Noise_Scenario	= 4;


// Variables
Csheep 	= 100;
Cshepherd 	= 450;
Ksheep 	= 1.75;
K1 		= 2.0;
K2 		= 1.3;
KWall		= 100.0;
Goalx		= 150;
Goaly		= 225;
GoalRadius	= 12.5;
GoalDistance	= 62.5;
Xbound		= 300;
Ybound		= 300;

// Wheel Vel - Post Eval
x0	= 1.499920;
x1	= 13.323800;
x2	= 12.728100;
x3	= 2.903160;
x4	= -0.097029;
x5	= 6.898360;
x6	= 14.132400;
x7	= -8.020440;
x8	= 9.756440;
x9	= -1.572620;
x10	= 1.551190;
x11	= 10.647100;
x12	= 9.546760;
x13	= -2.385610;
x14	= 4.405780;
x15	= -1.768150;

