// An example configuration file that stores information about a store.
//[Variables]


// Optimisation Parameters
No_Of_Trials	= 50;
NoOfSteps	= 15000;
NoOfEvolutions	= 15;
MaxIter	= 80;
lambda		= 20;
No_Of_Threads	= 20;
Evolution	= 15;

// Mode and setup parameters
// mode: shepherding = 0, object clustering = 1, both = 2
noOfShepherd = ({Value = 4;},{Value = 4;});
noOfObjects 	= 25;

//Noise Parameters
Noise_Level	= 1.0;
Noise_Scenario	= 4;


// Variables
Goalx		= 150;
Goaly		= 225;
GoalRadius	= 12.5;
GoalDistance	= 62.5;
Xbound		= 300;
Ybound		= 300;

// Wheel Vel - Post Eval
x0	= 5.446840;
x1	= 2.421150;
x2	= 2.728730;
x3	= 3.744920;
x4	= 2.673740;
x5	= 8.168860;
x6	= -2.918840;
x7	= 3.288320;
x8	= -6.281870;
x9	= 3.813270;
x10	= -4.955250;
x11	= 5.571550;
x12	= -6.510660;
x13	= 0.554281;
x14	= -0.526825;
x15	= -1.301250;
x16	= 1.210940;
x17	= 6.730060;
x18	= 6.062090;
x19	= 2.964360;
x20	= 1.313820;
x21	= 6.495060;
x22	= 7.218650;
x23	= -5.228700;
