// An example configuration file that stores information about a store.
//[Variables]


// Optimisation Parameters
No_Of_Trials	= 50;
NoOfSteps	= 15000;
NoOfEvolutions	= 3;
MaxIter	= 80;
lambda		= 20;
No_Of_Threads	= 20;
Evolution	= 15;

// Mode and setup parameters
// mode: Onj only No diff = 1, obj only + diff = 2, sheep only no diff = 3, sheep + diff = 4
mode  = 4;
noOfShepherd = ({Value = 4;},{Value = 4;});
noOfObjects 	= 0;
noOfSheep 	= 25;

//Noise Parameters
Noise_Level	= 1.0;
Noise_Scenario	= 4;


// Variables
Csheep 	= 100;
Cshepherd 	= 500;
Ksheep 	= 0.0;
K1 		= 2.0;
K2 		= 1.3;
KWall		= 100.0;
Sheep_MaxSpeed_Multiplier = 0.5;
Goalx		= 300;
Goaly		= 500;
GoalRadius	= 12.5;
GoalDistance	= 62.5;
Xbound		= 600;
Ybound		= 600;

// Wheel Vel - Post Eval
x0	= 1.174350;
x1	= 4.439600;
x2	= 4.350890;
x3	= 0.204152;
x4	= -0.083223;
x5	= 1.186430;
x6	= 2.196500;
x7	= 1.363780;
x8	= 1.787160;
x9	= 0.306010;
x10	= 3.630990;
x11	= 0.676463;
x12	= 1.790970;
x13	= 5.926720;
x14	= 5.069770;
x15	= 0.612214;
x16	= -0.677589;
x17	= 0.694740;
x18	= 3.762370;
x19	= -3.587250;
x20	= -5.167690;
x21	= 1.263300;
x22	= 1.949780;
x23	= -0.642262;
x24	= 0.0;
x25	= 0.0;
x26	= 0.0;
x27	= 0.0;
x28	= 0.0;
x29	= 0.0;
x30	= 0.0;
x31	= 0.0;
x32	= 0.0;
x33	= 0.0;
x34	= 0.0;
x35	= 0.0;
x36	= 0.0;
x37	= 0.0;
x38	= 0.0;
x39	= 0.0;
x40	= 0.0;
x41	= 0.0;
x42	= 0.0;
x43	= 0.0;
x44	= 0.0;
x45	= 0.0;
x46	= 0.0;
x47	= 0.0;
