// An example configuration file that stores information about a store.
//[Variables]


// Optimisation Parameters
No_Of_Trials	= 50;
NoOfSteps	= 15000;
NoOfEvolutions	= 3;
MaxIter	= 80;
lambda		= 20;
No_Of_Threads	= 20;
Evolution	= 5;

// Mode and setup parameters
// mode: Onj only No diff = 1, obj only + diff = 2, sheep only no diff = 3
mode  = 3;
noOfShepherd = ({Value = 4;},{Value = 4;});
noOfObjects 	= 0;
noOfSheep 	= 25;

//Noise Parameters
Noise_Level	= 1.0;
Noise_Scenario	= 4;


// Variables
Csheep 	= 100;
Cshepherd 	= 500;
Ksheep 	= 0.0;
K1 		= 2.0;
K2 		= 1.3;
KWall		= 100.0;
Sheep_MaxSpeed_Multiplier = 0.5;
Goalx		= 500;
Goaly		= 800;
GoalRadius	= 12.5;
GoalDistance	= 62.5;
Xbound		= 1000;
Ybound		= 1000;

// Wheel Vel - Post Eval
x0	= 6.642310;
x1	= 13.613200;
x2	= -3.675410;
x3	= -4.368040;
x4	= -6.833530;
x5	= -2.908780;
x6	= 7.715940;
x7	= -1.915680;
x8	= 6.040140;
x9	= 1.179800;
x10	= -0.987079;
x11	= 5.642860;
x12	= 10.007100;
x13	= 0.715493;
x14	= -7.924180;
x15	= 5.292300;
x16	= 2.450440;
x17	= -0.558612;
x18	= -1.123480;
x19	= 5.881860;
x20	= 2.742090;
x21	= 6.909160;
x22	= 0.333756;
x23	= -0.513718;
x24	= 0.0;
x25	= 0.0;
x26	= 0.0;
x27	= 0.0;
x28	= 0.0;
x29	= 0.0;
x30	= 0.0;
x31	= 0.0;
x32	= 0.0;
x33	= 0.0;
x34	= 0.0;
x35	= 0.0;
x36	= 0.0;
x37	= 0.0;
x38	= 0.0;
x39	= 0.0;
x40	= 0.0;
x41	= 0.0;
x42	= 0.0;
x43	= 0.0;
x44	= 0.0;
x45	= 0.0;
x46	= 0.0;
x47	= 0.0;
